map_frame: map
point_name: 3
pose:
  position:
    x: -36.55490875244141
    y: 13.48090648651123
    z: 0
  orientation:
    x: 0
    y: 0
    z: -0.1023206412461297
    w: 0.9947514696520839