map_frame: map
point_name: 2
pose:
  position:
    x: -35.94387054443359
    y: 15.71112251281738
    z: 0
  orientation:
    x: 0
    y: 0
    z: -0.08956219320480066
    w: 0.9959812315241418