map_frame: map
point_name: 0
pose:
  position:
    x: -3.013942718505859
    y: -1.817038536071777
    z: 0
  orientation:
    x: 0
    y: 0
    z: -0.1023206634805577
    w: 0.9947514673650391