map_frame: map
point_name: 6
pose:
  position:
    x: 38.15449905395508
    y: 0.08353409171104431
    z: 0
  orientation:
    x: 0
    y: 0
    z: 0.9954872975748731
    w: 0.09489489115371848