map_frame: map
point_name: 10
pose:
  position:
    x: 35.21017837524414
    y: -2.543474197387695
    z: 0
  orientation:
    x: 0
    y: 0
    z: -0.9994612471200039
    w: 0.03282096137114845