map_frame: map
point_name: 9
pose:
  position:
    x: 35.28901672363281
    y: -4.902551651000977
    z: 0
  orientation:
    x: 0
    y: 0
    z: -0.9994928146623291
    w: 0.03184514779954951