map_frame: map
point_name: 8
pose:
  position:
    x: -1.066670894622803
    y: 5.258044719696045
    z: 0
  orientation:
    x: 0
    y: 0
    z: -0.9993457830332222
    w: 0.03616636467376964