map_frame: map
point_name: 7
pose:
  position:
    x: -0.9249615669250488
    y: 3.373409271240234
    z: 0
  orientation:
    x: 0
    y: 0
    z: -0.9994878904395459
    w: 0.03199932600393878