map_frame: map
point_name: 12
pose:
  position:
    x: -40.27027893066406
    y: -8.681591987609863
    z: 0
  orientation:
    x: 0
    y: 0
    z: 0.01670260170495157
    w: 0.9998605018182716