map_frame: map
point_name: 11
pose:
  position:
    x: -40.34832763671875
    y: -6.346073627471924
    z: 0
  orientation:
    x: 0
    y: 0
    z: 0.01670276931962956
    w: 0.9998604990182657