image: wgmap.pgm
resolution: 0.02
origin: [-31.420000, -35.12000, 0.000000]
negate: 0
occupied_thresh: 0.65
free_thresh: 0.196